0.65 -0.09810984689704938
1.4 1.596060762709321
-1.7 16.560009179646705
-1.3 8.172930913766447
0.8 2.0179860024783496
-0.3 2.846257453744605
1.45 2.516602692172359
-0.75 3.403827698174109
-1.55 13.463344206942109
-0.4 2.690292377294342
-1.8 20.04281807285544
-1.95 25.549593632841887
1.15 0.3361675156230145
-0.45 2.419476721158528
-1.55 11.559495726419957
-0.7 3.655734234917733
0.15 2.4906478688260023
0.6 -0.17358574927109305
-1.85 21.277432187437487
0.15 1.0657863490396609
1.05 0.11737075943570996
1.1 1.1453804412896715
1.45 2.695417729006784
1.1 0.3798166640905897
1.55 1.430162687353787
1.7 3.0651449760523923
1.0 0.5564439601965112
1.8 6.094908627126594
-0.75 3.574914797706287
-1.8 18.704260397220853
0.1 2.8701554655984873
0.2 2.7254507451734047
-0.6 3.038772811164405
0.75 0.5379487861983486
1.7 3.1165515919240425
-0.9 5.614576408718921
0.35 2.613188673113185
1.5 2.2188745521633075
0.15 1.5683616032010725
-0.15 2.9846564000081384
-1.7 18.38940730919214
1.65 4.30162540131275
-0.4 2.6213437041617045
1.4 1.527071383772065
0.95 -0.4561249182567051
-0.7 3.147178160734208
-0.6 2.088771719359635
-1.15 7.6538341901289995
-1.45 10.179014268566792
-1.05 4.669908636480205
